
讀取房況
02,33,30,31,52,31,30,31,30,31,03,44,43

				↓─→  30 表緊急鈕 OFF, 31 緊急鈕 ON
沒插卡:02,31,30,31,3D,33,30,31,30,30,30,30,30,30,30,30,30,30,03,34,37
已插卡:02,31,30,31,3D,33,30,31,30,31,30,30,30,30,30,30,30,30,03,34,38
打掃鈕:02,31,30,31,3D,33,30,31,30,33,30,30,30,30,30,30,30,30,03,35,39
忽擾燈:02,31,30,31,3D,33,30,31,30,35,30,30,30,30,30,30,30,30,03,34,42
磁鎖開:02,31,30,31,3D,33,30,31,30,39,30,30,30,30,30,30,30,30,03,35,30


寫入設備
				LED位置
				 ↓ ↓	↓→ 31 ON, 30 OFF
LED1  ON:02,33,30,31,57,31,30,31,30,31,31,03,31,32
LED1 OFF:02,33,30,31,57,31,30,31,30,31,30,03,31,31

LED2  ON:02,33,30,31,57,31,30,31,30,32,31,03,31,33
LED2 OFF:02,33,30,31,57,31,30,31,30,32,30,03,31,32

LED3  ON:02,33,30,31,57,31,30,31,30,33,31,03,31,34
LED3 OFF:02,33,30,31,57,31,30,31,30,33,30,03,31,33

LED4  ON:02,33,30,31,57,31,30,31,30,34,31,03,31,35
LED4 OFF:02,33,30,31,57,31,30,31,30,34,30,03,31,34

LED5  ON:02,33,30,31,57,31,30,31,30,35,31,03,31,36
LED5 OFF:02,33,30,31,57,31,30,31,30,35,30,03,31,35

LED6  ON:02,33,30,31,57,31,30,31,30,36,31,03,31,37
LED6 OFF:02,33,30,31,57,31,30,31,30,36,30,03,31,36

LED7  ON:02,33,30,31,57,31,30,31,30,37,31,03,31,38
LED7 OFF:02,33,30,31,57,31,30,31,30,37,30,03,31,37

LED8  ON:02,33,30,31,57,31,30,31,30,38,31,03,31,39
LED8 OFF:02,33,30,31,57,31,30,31,30,38,30,03,31,38

LED9  ON:02,33,30,31,57,31,30,31,30,39,31,03,31,41
LED9 OFF:02,33,30,31,57,31,30,31,30,39,30,03,31,39

LED10  ON:02,33,30,31,57,31,30,31,31,30,31,03,31,32
LED10 OFF:02,33,30,31,57,31,30,31,31,30,30,03,31,31

LED11  ON:02,33,30,31,57,31,30,31,31,31,31,03,31,33
LED11 OFF:02,33,30,31,57,31,30,31,31,31,30,03,31,32

LED12  ON:02,33,30,31,57,31,30,31,31,32,31,03,31,34
LED12 OFF:02,33,30,31,57,31,30,31,31,32,30,03,31,33

LED13  ON:02,33,30,31,57,31,30,31,31,33,31,03,31,35
LED13 OFF:02,33,30,31,57,31,30,31,31,33,30,03,31,34

LED14  ON:02,33,30,31,57,31,30,31,31,34,31,03,31,36
LED14 OFF:02,33,30,31,57,31,30,31,31,34,30,03,31,35

LED15  ON:02,33,30,31,57,31,30,31,31,35,31,03,31,37
LED15 OFF:02,33,30,31,57,31,30,31,31,35,30,03,31,36

讀取設備 XX
02,33,30,31,52,31,30,32,30,30,03,44,43